625
938
226
491
5
1007
896
292
1073
858
964
908
72
1117
413
405
282
669
515
830
1064
879
474
732
680
1086
634
595
527
946
738
518
327
84
756
52
641
79
1046
302
572
1055
141
1123
877
344
881
375
950
847
253
213
884
1119
603
86
362
261
335
328
1017
386
1031
42
1040
163
385
509
588
670
399
224
872
293
339
779
792
1121
435
480
986
522
800
391
628
109
329
398
583
1113
379
245
219
1069
64
897
905
1072
92
704
1125
580
373
1035
151
288
149
426
43
309
869
233
1107
118
376
808
276
461
675
1120
260
660
417
570
136
577
500
749
617
665
477
842
793
2
66
645
25
699
89
585
922
1087
155
1095
74
152
622
125
351
169
458
974
648
798
824
83
318
685
1110
806
1048
739
851
424
18
871
230
1023
1032
326
1027
737
240
818
44
935
940
46
916
750
121
511
1029
403
421
637
552
725
882
402
20
488
929
107
1089
1
1070
985
286
827
131
467
506
316
295
543
466
765
591
599
740
487
235
372
68
676
608
661
664
130
1045
925
449
254
237
436
786
296
179
48
441
342
653
390
420
19
381
1018
581
3
862
102
981
1081
40
519
821
601
649
567
762
1141
462
263
590
343
1131
1025
404
707
811
57
265
761
439
559
456
369
257
924
1083
1127
975
38
706
425
158
193
246
978
983
510
134
305
895
249
982
837
962
227
144
499
573
98
920
667
262
1054
901
177
173
279
315
1065
115
1092
993
24
534
693
826
1136
755
0
229
855
486
695
444
561
117
593
848
907
366
1049
860
967
11
231
1078
915
437
113
1118
397
828
243
377
272
166
289
998
1115
232
51
97
906
681
71
520
1100
544
371
1067
698
355
813
972
898
73
971
713
28
127
656
448
776
225
221
1097
503
880
910
1104
176
451
775
835
157
114
1016
937
642
168
32
549
537
1088
932
501
1057
384
517
337
703
1105
666
525
1139
196
54
410
412
278
976
143
346
724
58
1077
820
954
313
807
277
868
691
1114
440
919
320
150
13
697
723
718
914
33
638
970
469
275
269
1129
562
712
407
832
1080
380
406
833
146
928
91
324
557
532
650
514
393
987
23
566
341
490
14
438
273
715
470
211
1039
888
1061
188
475
1000
682
1047
1133
1111
365
478
853
654
943
400
353
999
1137
497
433
533
12
175
733
594
77
484
281
1020
322
1132
771
217
122
482
997
883
1071
948
161
350
17
817
563
609
170
370
427
690
394
16
619
854
164
663
865
952
782
513
271
696
140
431
753
69
356
531
222
496
578
742
815
949
892
56
423
1142
1001
1094
977
1030
452
629
29
716
926
411
944
717
760
321
50
15
921
969
460
575
268
894
307
1058
1082
636
473
1140
568
284
106
291
584
22
614
769
508
655
389
167
1005
521
770
215
626
902
314
689
672
611
845
620
187
643
551
831
1060
30
303
1062
903
153
787
358
535
454
357
162
1041
1034
728
1116
856
178
95
182
434
730
199
1006
911
333
574
489
613
485
367
968
1052
893
630
238
9
558
59
989
338
53
498
354
239
1106
1135
198
984
378
422
1068
332
209
123
266
171
207
956
731
308
1075
959
840
900
652
492
992
683
803
364
147
838
504
203
829
234
1012
297
524
523
596
1038
414
361
1050
1015
951
545
223
754
889
809
714
662
304
790
1011
428
747
1085
270
751
646
565
184
965
334
878
194
705
1102
727
804
290
1108
1024
21
103
409
781
26
886
61
214
810
218
137
287
960
550
1079
31
55
208
961
933
294
774
783
1051
256
250
105
317
442
834
540
936
658
445
849
1130
758
891
640
996
700
789
587
197
668
124
247
429
446
36
958
867
684
45
160
183
457
252
285
678
1076
392
7
526
418
408
788
812
476
794
631
988
918
145
210
138
729
627
174
722
564
752
206
539
1099
610
719
841
784
598
805
465
128
536
743
778
82
93
547
129
541
632
621
192
374
110
657
850
112
37
312
836
87
592
777
1021
132
791
416
554
1026
633
734
1096
844
530
363
890
100
359
825
96
447
600
387
768
909
586
352
687
1019
185
1036
299
212
822
300
942
1053
264
873
505
1044
605
396
1056
241
4
556
319
857
330
1022
67
310
624
1143
415
464
767
721
953
116
172
923
383
251
1009
542
615
708
569
1037
468
450
973
604
1066
843
70
885
360
1059
618
710
1033
495
39
859
63
606
