539
685
417
1112
674
94
757
1014
51
799
770
392
640
499
884
887
962
1118
558
538
458
352
528
875
955
980
313
118
156
700
739
1019
415
966
434
449
549
654
706
566
40
1131
1113
112
334
1123
471
692
1049
1099
965
451
433
934
468
1105
698
169
245
583
1045
152
719
892
25
197
986
939
95
689
831
398
1095
396
925
395
306
436
977
741
1129
548
399
33
288
283
481
989
193
295
1010
760
308
817
766
821
938
842
291
209
520
412
109
182
111
933
1067
508
144
957
1091
657
220
981
22
165
686
513
1074
961
29
901
277
878
788
1026
228
105
598
307
1090
20
964
1062
607
441
312
813
608
454
381
1103
927
1059
278
147
68
994
133
1003
874
258
311
668
1042
729
621
922
511
432
911
131
834
877
345
930
630
722
802
110
318
615
256
113
1057
1073
633
406
974
1093
1001
407
43
886
514
1087
157
356
1043
272
501
461
1133
77
753
907
167
247
348
675
8
714
914
442
525
76
995
1101
517
87
199
379
811
614
570
317
773
328
533
132
104
427
843
585
371
90
1127
503
53
18
171
968
82
263
1124
344
227
563
1054
510
255
671
326
330
744
286
550
635
166
85
991
642
623
500
647
552
243
856
682
124
236
790
289
476
879
695
795
292
80
400
749
127
10
270
665
839
992
713
1035
1031
61
915
854
21
463
609
917
494
1061
261
405
652
248
547
81
346
1018
58
589
413
203
644
506
55
200
389
14
808
447
581
1036
595
102
469
826
67
362
636
483
677
1000
195
591
1120
384
575
41
424
410
70
170
651
705
316
606
453
338
837
287
232
626
924
611
789
696
557
780
284
588
784
44
1081
921
912
421
746
100
979
920
1027
99
1100
990
772
368
797
155
234
634
191
426
1040
331
221
186
819
333
504
523
38
229
323
202
781
153
670
213
733
889
1017
694
266
947
86
881
377
45
1025
351
271
1006
359
701
861
130
543
794
244
470
274
1132
205
1066
702
618
723
807
568
46
174
676
820
27
787
139
120
416
1136
163
142
959
387
603
1128
562
325
467
188
653
365
1126
610
638
622
949
212
590
1076
204
402
1122
1139
798
512
1119
882
627
1028
366
756
138
866
943
800
740
602
185
419
251
833
864
1058
1111
440
32
145
134
620
958
297
815
411
429
1079
231
1117
34
237
681
275
976
239
259
401
571
211
1102
324
1012
477
252
337
792
624
593
290
870
1084
129
586
1137
225
1108
883
459
108
154
300
246
1142
64
9
249
617
98
489
265
736
93
75
545
443
1008
1143
378
715
735
903
597
42
732
880
158
431
63
178
420
867
26
865
849
235
858
505
814
639
616
704
65
846
876
693
518
1098
853
382
637
752
1009
36
987
298
315
1051
1141
1013
336
456
1032
360
743
1007
847
430
6
526
380
490
208
1125
493
1046
358
62
751
576
101
944
840
565
478
785
908
89
931
230
710
960
916
540
544
47
724
388
718
945
445
660
551
1002
869
1110
332
1138
210
717
666
140
669
656
592
276
369
216
92
253
697
35
1
768
928
79
868
601
709
52
162
173
728
444
460
812
720
24
662
941
1063
164
767
679
161
937
532
951
1005
838
260
852
894
485
546
394
594
176
985
759
855
1134
804
871
303
302
340
373
763
755
206
1140
254
712
39
910
115
555
560
982
96
806
349
758
159
578
822
497
78
845
196
978
569
936
279
726
37
357
423
582
1004
319
573
673
1050
192
0
919
993
376
1065
409
680
479
48
553
730
1064
1096
604
824
472
888
801
123
353
66
786
672
448
899
703
1130
898
777
136
764
280
201
963
322
863
114
1020
909
519
498
15
516
967
905
890
189
687
716
1085
301
816
690
88
913
896
217
1053
1077
750
214
942
397
841
727
1060
135
339
148
465
1075
643
524
596
645
1106
502
902
343
391
31
762
848
926
28
294
613
829
30
438
1109
180
1070
342
146
948
579
222
857
646
1047
119
574
1029
823
466
711
462
1104
507
580
810
1088
7
969
364
60
116
150
1055
1094
475
738
168
143
71
83
242
688
667
4
450
515
149
664
832
190
327
57
556
1034
999
529
975
1030
269
361
1011
240
273
49
141
932
659
745
828
97
956
796
296
904
347
425
122
1080
564
267
1039
872
184
219
181
488
1089
998
455
126
1048
128
183
179
952
734
224
648
612
1033
748
285
542
418
305
522
