508
986
384
931
159
823
438
468
15
347
423
206
963
298
170
848
1055
153
379
681
1138
79
1070
704
220
1110
59
301
849
229
635
1105
169
450
1038
181
490
37
125
142
555
1108
943
340
992
212
878
690
315
771
1017
137
443
809
290
5
989
913
262
723
699
783
496
186
35
1101
372
688
766
327
457
634
850
813
601
330
628
296
357
1104
491
1052
420
228
1029
614
498
414
558
34
623
451
369
1136
440
569
553
1118
1002
761
160
219
820
905
725
55
243
25
751
171
616
920
1094
101
917
527
812
778
78
1005
684
470
363
231
802
535
538
787
36
689
225
266
980
1024
835
480
462
796
899
96
1045
460
793
98
957
322
233
487
1056
119
1008
424
830
1071
278
481
924
739
536
200
303
670
587
576
1088
403
163
716
984
847
27
643
136
624
241
696
1074
1098
974
310
135
741
69
1064
1114
955
914
754
683
1013
1001
129
939
446
223
342
93
382
202
860
74
1062
62
919
209
764
884
580
626
475
1054
864
773
155
988
18
511
844
644
596
324
469
54
244
493
983
762
1139
453
432
544
999
174
571
321
477
775
455
204
1116
1080
399
10
648
1042
311
947
217
1135
351
476
413
631
565
141
99
12
409
549
541
720
519
260
958
488
803
1077
625
1090
712
718
232
1058
483
855
312
1084
843
945
435
814
602
337
17
597
191
524
275
497
826
873
1059
979
617
85
395
308
806
300
194
703
154
897
86
1046
876
362
199
615
151
557
1015
373
832
883
927
622
792
263
896
251
954
1100
1121
1096
380
463
326
933
1026
24
3
349
714
42
396
875
1125
926
65
258
88
777
1034
1109
190
692
726
539
779
11
816
255
1065
167
665
546
627
121
304
117
253
437
559
236
774
682
316
84
760
701
166
430
338
996
610
158
271
930
633
851
901
985
964
386
287
562
293
895
123
47
880
757
188
950
218
328
70
781
355
207
104
750
748
213
1004
1137
360
189
854
1093
676
43
935
911
1014
721
1082
966
144
461
313
582
180
1073
545
464
383
242
165
827
946
1011
918
900
657
105
654
907
127
839
744
978
19
669
1107
1032
492
391
23
909
416
1115
182
630
56
274
408
1041
518
583
822
1069
48
317
542
605
350
887
292
661
647
882
106
637
1033
632
272
20
456
211
768
736
148
1037
1078
566
112
599
759
782
540
687
333
282
922
866
874
673
1028
560
567
198
738
694
222
991
226
570
893
1035
722
863
1112
674
818
187
1126
737
103
295
666
143
431
1079
1140
32
862
776
785
709
444
949
994
606
238
329
769
201
612
1049
929
64
763
97
515
788
410
1142
1099
168
452
852
620
374
859
140
668
100
745
1007
1
264
1134
471
109
879
80
343
1072
133
881
83
595
256
749
960
531
1143
707
1103
270
561
1047
495
655
128
695
319
87
474
234
691
73
489
1068
659
405
784
1086
257
280
586
299
575
422
41
1132
208
75
959
547
639
107
1040
1129
503
367
1019
385
585
650
16
499
419
237
1130
1039
530
1010
195
149
618
269
63
279
1083
1120
686
6
288
302
621
49
641
870
72
902
126
706
370
500
230
281
892
598
400
1075
1111
732
2
940
529
520
758
407
533
175
309
91
388
904
365
941
944
609
537
825
869
858
259
799
861
765
130
473
439
589
314
755
113
115
1133
1081
516
145
642
667
283
772
526
306
910
629
513
252
811
1091
871
94
840
906
51
203
677
969
150
1061
1102
404
534
156
579
821
591
1087
679
1122
120
152
795
838
482
1127
501
805
733
746
509
1067
108
528
521
747
1016
780
990
376
90
512
810
756
348
791
249
532
928
502
1063
708
215
465
442
428
164
1050
603
590
731
961
662
522
800
1043
981
335
50
727
995
458
76
325
885
1003
972
472
177
908
216
656
856
138
829
936
323
577
970
564
172
728
183
248
1023
176
740
354
619
837
417
507
973
923
971
742
735
336
607
205
1097
865
1123
891
8
934
715
454
1128
953
352
267
81
44
398
1044
13
1113
268
406
678
1022
836
915
196
556
912
951
131
645
1095
753
514
445
1124
702
250
139
651
341
485
801
572
997
401
1031
1089
53
724
671
459
819
390
658
663
60
505
368
441
711
425
377
1060
320
486
210
846
345
889
1021
652
111
484
584
331
1092
554
717
77
235
548
21
479
494
397
807
28
770
240
797
332
649
393
611
600
790
375
