596
788
763
1042
94
178
1075
797
695
1000
833
948
374
451
860
175
1089
188
505
1139
222
692
629
384
714
743
736
201
393
470
261
691
412
671
579
302
290
640
45
1004
207
977
318
299
10
687
267
798
752
1018
972
954
510
448
187
401
20
1074
804
907
88
324
204
398
715
970
792
630
321
506
154
574
336
1112
1126
450
965
642
897
192
462
979
697
108
298
921
54
890
757
874
310
107
49
674
796
1066
155
651
1022
893
228
658
899
1111
672
173
472
81
626
287
1016
923
136
957
1038
307
467
602
239
761
76
800
122
857
157
283
439
789
172
26
106
515
126
473
657
486
829
929
655
930
991
363
31
827
577
537
274
355
927
85
359
939
242
799
849
581
831
616
638
348
647
855
572
932
293
865
876
345
835
719
623
198
663
13
517
353
712
656
740
621
678
152
628
194
233
680
1125
492
254
631
1019
535
627
1020
541
264
843
1043
346
980
589
787
241
41
181
344
38
924
322
382
34
335
253
679
805
19
285
666
1098
132
670
675
66
481
870
791
24
950
780
873
367
395
71
59
819
258
169
745
1128
588
116
405
424
1071
967
309
403
134
731
9
906
702
734
160
528
562
1113
586
729
650
783
834
648
785
50
699
452
625
100
372
284
1014
905
265
569
330
219
947
464
1092
475
214
14
1010
289
632
227
1101
901
101
447
306
737
104
964
635
437
1057
507
828
61
5
11
499
722
587
95
502
1135
102
836
189
999
851
255
368
40
216
186
1115
941
696
531
268
563
229
1015
976
793
205
1060
1143
161
421
319
875
125
653
1037
1031
830
766
21
975
520
984
894
550
684
878
247
741
1090
159
1138
78
1069
413
430
532
339
735
146
46
609
952
594
769
325
493
1084
82
607
455
243
742
953
323
288
866
341
111
67
934
269
615
774
582
809
381
776
361
748
995
221
435
525
120
888
1076
969
960
357
700
74
990
129
484
983
693
378
573
755
1063
69
263
871
773
252
303
1121
1032
404
817
547
723
7
220
491
8
428
641
245
304
211
887
1046
994
1045
456
1002
224
859
149
961
383
955
118
280
124
811
937
904
431
489
765
996
956
1102
1104
771
386
248
1086
16
356
747
1109
1001
496
48
392
133
408
92
595
196
91
633
236
760
130
891
148
746
1039
1050
210
1142
913
500
509
863
516
659
1005
911
918
350
872
117
223
559
1120
1065
753
1130
963
543
816
1009
832
661
271
291
103
685
945
459
190
935
940
446
77
329
144
354
949
419
65
759
35
542
611
686
314
942
390
555
3
896
689
238
416
1110
1023
1058
900
772
1025
646
612
495
180
62
231
839
1127
529
139
938
578
584
825
910
1096
1122
847
73
557
1131
1093
694
250
311
259
370
135
513
668
89
823
802
23
485
294
803
251
917
552
1021
997
508
474
369
55
29
478
867
705
218
96
1106
567
778
226
818
548
57
28
538
620
2
1082
235
861
546
434
846
279
521
795
974
895
973
331
764
313
754
1107
599
877
1099
593
751
1013
68
1049
597
1124
480
414
479
53
636
162
639
151
334
305
1052
179
215
282
844
845
463
683
411
22
903
808
4
244
0
58
713
649
402
523
27
320
775
166
141
1003
779
1034
560
1078
728
554
461
349
466
709
962
824
119
6
387
170
87
711
580
608
301
477
725
530
688
420
109
644
1105
925
277
810
482
744
1053
30
881
1036
504
471
730
494
592
90
453
720
273
814
177
1044
200
933
422
202
193
1091
738
987
1081
266
86
786
767
389
1048
426
296
1008
862
604
568
605
1095
1012
988
701
545
916
1068
1067
664
801
262
852
619
487
1051
710
347
391
276
998
80
600
483
886
469
1028
394
246
185
1059
84
110
606
156
1011
1083
281
726
209
15
63
982
56
433
418
366
52
25
869
931
449
47
553
707
1103
137
575
527
468
868
993
197
234
99
297
884
749
364
114
551
1072
1030
564
966
794
427
782
708
815
371
898
1141
1027
660
850
912
278
915
443
317
1061
1117
842
841
561
44
1097
677
183
32
113
576
12
1116
853
889
885
79
971
706
436
184
33
388
39
739
17
1006
142
571
444
375
968
721
1024
358
1088
591
121
176
1056
914
822
385
673
429
257
195
883
1114
497
534
928
864
536
1041
72
1085
191
698
457
60
432
316
165
199
75
415
340
613
512
946
1119
1134
327
286
147
