1082
820
265
479
815
377
1052
39
757
529
350
342
985
931
1054
993
917
1073
440
154
353
1086
355
41
530
1087
1078
260
1141
1119
525
434
395
737
743
502
177
460
679
97
394
873
754
744
483
1004
145
876
38
886
43
433
574
625
465
240
267
938
2
226
1114
997
185
90
982
0
1018
401
1137
11
197
376
321
616
358
138
89
717
402
30
33
17
947
790
498
972
797
838
1028
954
613
604
541
282
976
1051
507
624
570
966
553
650
927
114
951
227
459
189
23
423
746
1062
379
1133
540
37
636
333
7
1122
164
1000
572
1064
748
726
192
880
264
147
980
494
66
336
646
898
981
1
382
385
59
536
694
428
590
362
770
852
531
392
366
690
908
1056
767
1063
897
812
82
693
858
194
988
736
1068
108
103
446
493
599
875
649
346
631
1021
828
841
1012
118
128
331
131
1041
373
1002
808
249
571
567
1030
665
1076
284
125
320
992
768
504
383
673
75
780
892
200
588
430
776
1116
1109
140
473
512
29
52
248
328
452
837
1115
874
756
956
481
765
14
720
179
148
727
948
388
26
175
866
721
998
745
365
160
601
445
983
1053
167
614
1090
526
936
862
415
773
953
764
730
641
184
158
816
1024
208
134
232
165
731
796
769
364
64
61
940
289
589
955
286
16
546
201
608
1040
412
840
577
298
359
558
913
935
419
1128
839
133
390
207
143
554
632
1136
521
778
168
836
925
228
310
427
573
719
990
203
300
651
309
622
655
250
674
386
83
432
204
338
809
830
246
894
261
396
347
607
122
76
403
291
645
794
945
680
318
1080
8
490
273
713
987
107
709
417
352
400
230
1033
345
119
692
1074
10
418
1084
801
1035
112
1124
519
187
191
845
824
173
900
225
354
798
409
887
484
335
323
1047
115
98
942
205
771
212
245
605
742
1069
340
854
1100
592
566
643
863
1057
70
805
1093
334
654
67
126
436
821
275
902
181
1043
404
458
293
603
559
95
1108
729
904
700
121
257
593
441
162
583
99
535
1048
524
919
537
698
299
6
946
587
1009
237
18
702
971
918
623
995
582
664
1037
514
629
619
682
1010
977
511
962
1092
1138
1118
930
491
781
236
124
80
846
408
58
472
523
151
471
600
349
579
585
861
407
676
474
691
672
368
639
550
652
50
139
34
827
116
268
555
527
699
1083
381
123
258
671
759
638
823
561
967
761
772
1023
644
132
669
544
171
1003
3
807
351
153
891
803
965
565
329
793
360
308
51
1016
422
735
957
1008
994
986
435
19
244
92
315
84
516
202
454
819
503
1091
853
467
594
1014
285
157
1055
397
220
495
13
54
678
1029
848
1071
1072
464
1112
734
1079
178
31
707
602
292
375
127
831
701
528
952
868
186
950
1042
60
685
254
581
775
939
922
146
307
899
1097
1101
105
478
363
659
510
71
65
1098
426
1077
195
1121
492
584
697
213
785
563
973
782
27
817
283
272
1027
35
835
85
864
393
142
872
1038
991
325
367
294
799
681
612
259
867
975
1007
791
301
482
725
825
425
552
813
1044
380
453
762
1022
274
686
218
223
920
597
276
410
233
1017
1020
660
705
784
217
893
78
437
598
548
912
414
343
814
774
399
539
111
888
332
996
786
732
1135
551
9
1070
658
106
221
1015
818
538
356
442
568
806
193
777
22
877
501
984
262
653
73
421
1106
895
906
958
374
1129
216
339
370
833
741
312
576
341
47
238
789
688
117
970
921
496
224
844
509
36
56
371
42
1107
488
101
675
5
447
387
1117
1126
661
270
944
156
783
137
439
241
750
543
110
247
968
779
979
1132
882
198
909
326
857
311
860
182
618
851
161
172
752
104
486
683
856
12
842
72
804
135
443
758
457
647
40
68
1134
206
449
943
93
280
549
389
277
94
684
890
348
190
1094
1013
662
704
372
1025
281
929
314
304
466
438
834
159
361
859
578
69
708
448
718
903
1066
667
747
963
480
710
295
556
88
885
978
411
255
724
934
1103
1131
663
518
959
429
711
150
795
256
932
989
703
45
640
941
870
297
378
406
937
120
763
733
716
463
102
1123
1036
560
1026
4
802
522
163
635
1085
305
337
62
49
517
850
916
534
628
634
81
1140
487
923
610
239
637
826
879
57
344
455
215
533
926
174
677
46
306
617
476
180
766
506
214
74
1006
91
242
